[gd_scene load_steps=9 format=3 uid="uid://vtcyr4a4c47f"]

[ext_resource type="Script" uid="uid://cqlw0x5ovn8m2" path="res://objects/player_character_subclass.gd" id="1_t5a1n"]
[ext_resource type="PackedScene" uid="uid://d1c6npie2eut3" path="res://assets/models/wheels_1.glb" id="2_d0fie"]
[ext_resource type="PackedScene" uid="uid://cbv1iy11bd6x1" path="res://objects/player_character_base.tscn" id="2_t5a1n"]
[ext_resource type="PackedScene" uid="uid://p7hb5n2cphkq" path="res://assets/models/cage_1.glb" id="3_mxwbm"]

[sub_resource type="BoxShape3D" id="BoxShape3D_eaipk"]
size = Vector3(0.261719, 0.389648, 1.42639)

[sub_resource type="Animation" id="Animation_t5a1n"]
length = 0.001
tracks/0/type = "value"
tracks/0/imported = false
tracks/0/enabled = true
tracks/0/path = NodePath("Visuals/UpperBody/Hammer:rotation")
tracks/0/interp = 1
tracks/0/loop_wrap = true
tracks/0/keys = {
"times": PackedFloat32Array(0),
"transitions": PackedFloat32Array(1),
"update": 0,
"values": [Vector3(0, 0, 0)]
}

[sub_resource type="Animation" id="Animation_mxwbm"]
resource_name = "primary_action"
step = 0.1
tracks/0/type = "value"
tracks/0/imported = false
tracks/0/enabled = true
tracks/0/path = NodePath("Visuals/UpperBody/Hammer:rotation")
tracks/0/interp = 2
tracks/0/loop_wrap = true
tracks/0/keys = {
"times": PackedFloat32Array(0, 0.0555684, 0.495728),
"transitions": PackedFloat32Array(1, 1, 1),
"update": 0,
"values": [Vector3(0, 0, 0), Vector3(1.50447, 0, 0), Vector3(0, 0, 0)]
}

[sub_resource type="AnimationLibrary" id="AnimationLibrary_eaipk"]
_data = {
&"RESET": SubResource("Animation_t5a1n"),
&"primary_action": SubResource("Animation_mxwbm")
}

[node name="PlayerCharacterBotHammer" type="Node3D"]
script = ExtResource("1_t5a1n")

[node name="PlayerCharacterBase" parent="." instance=ExtResource("2_t5a1n")]

[node name="wheels_1" parent="PlayerCharacterBase/Visuals/LowerBody" index="0" instance=ExtResource("2_d0fie")]

[node name="HammerStatic" type="Node3D" parent="PlayerCharacterBase/Visuals/UpperBody" index="0"]
transform = Transform3D(1, 0, 0, 0, 1, 0, 0, 0, 1, 0, 0.0502008, 0)

[node name="Hammer" type="Node3D" parent="PlayerCharacterBase/Visuals/UpperBody" index="1"]
transform = Transform3D(1, 0, 0, 0, 1, 0, 0, 0, 1, 0, 0.266476, 0.150167)

[node name="CSGBox3D" type="CSGBox3D" parent="PlayerCharacterBase/Visuals/UpperBody/Hammer"]
transform = Transform3D(-1, 1.03648e-08, 8.68062e-08, -1.03648e-08, 0.971888, -0.235447, -8.68062e-08, -0.235447, -0.971888, -7.08727e-09, -0.106907, -0.455885)
size = Vector3(0.15, 0.15, 1)

[node name="CSGCylinder3D" type="CSGCylinder3D" parent="PlayerCharacterBase/Visuals/UpperBody/Hammer"]
transform = Transform3D(-1, 1.03648e-08, 8.68062e-08, -1.03648e-08, 0.971888, -0.235447, -8.68062e-08, -0.235447, -0.971888, 5.2323e-08, -0.28364, -1.11918)
radius = 0.236328
height = 0.34082

[node name="Area3D" type="Area3D" parent="PlayerCharacterBase/Visuals/UpperBody/Hammer"]
transform = Transform3D(-1, 1.03648e-08, 8.68062e-08, -1.03648e-08, 0.971888, -0.235447, -8.68062e-08, -0.235447, -0.971888, -4.52357e-08, -0.00343573, -0.0287729)

[node name="CollisionShape3D" type="CollisionShape3D" parent="PlayerCharacterBase/Visuals/UpperBody/Hammer/Area3D"]
transform = Transform3D(1, 0, 1.35003e-13, 8.88178e-15, 1, -5.36442e-07, 6.39488e-14, 5.36442e-07, 1, 7.10543e-15, 0.0356437, 0.652891)
shape = SubResource("BoxShape3D_eaipk")

[node name="cage_1" parent="PlayerCharacterBase/Visuals/UpperBody" index="2" instance=ExtResource("3_mxwbm")]
transform = Transform3D(1, 0, 0, 0, 1, 0, 0, 0, 1, 0, -0.313417, 0)

[node name="AnimationPlayer" type="AnimationPlayer" parent="PlayerCharacterBase"]
libraries = {
&"": SubResource("AnimationLibrary_eaipk")
}

[editable path="PlayerCharacterBase"]
